scheißen	76851	129726
berühren	80217	78939	74836
besprechen	78660	89773	89772
überwachen	76079	82436
montieren	80058	140604
bestätigen	79082	79098	145313	78324	78328
löschen	83336	84735	89967	140176
offenbaren	78603	79081
bewahren	73611	79755	109597
bilden	73300	83135	83171	83874	141462	77488	78537
veranlassen	79539	75777
stärken	83764	84520	84804	85749
durchfahren	81267	141913	142087
einhalten	142793	77648
berechnen	74462	109314	145286
kehren	81053	85158	85213
vorbeugen	82041	76098
erlassen	79564	85090
bereichern	84741	109490
probieren	112507	82494	112509	112508
befördern	80794	76476
erlauben	75201	76088	78311	109613	74244
genehmigen	74245	78322
verteilen	85581	85576	73941	78361
hinweisen	78787	82728	76930
inspirieren	78174	74870
begrenzen	84872	85663
bevorzugen	75991	77304
einfügen	84942	75440
verfügen	130447	79560	74337	74405	78031
herausfinden	82323	131176	77583
hindern	76127	79668
investieren	82966	74025
rutschen	81521	81529
streiten	141822	79772
packen	80800	141979	80361	141981
wahrnehmen	76007	76244	82256
auskennen	77243	77604
zusehen	82354	139862
mitwirken	75254	140584
anpassen	83780	75467	75422
fortsetzen	130430	85633
mithalten	140566	75249
zulegen	134154	74251	76786
abholen	81167	80386	74227
sicherstellen	79759	74154	130008
zurückkehren	81718	139777
produzieren	82766	75894	78517
abwarten	73661	77455	77451
besuchen	75207	75262	77483
ermitteln	82321	77886	109315
belohnen	76219	73964
konfrontieren	77713	79643
beschleunigen	84079	84236
beleuchten	82221	78985
bekämpfen	79803	145263
spüren	82488	74489
unterscheiden	73467	73479	85531	82273	78035
messen	73371	82405	79796	78492
notieren	83275	140771
beeinträchtigen	84870	79663
entschuldigen	79006	74680
singen	79070	79383	79374	82570	82656
rennen	81448	129507
heilen	83793	84749
überzeugen	79188	76076	77610
vorstellen	141853	141854	73305	73773	76413	76414	77596	78570
betonen	73495	78776	78773
zurückkommen	81717	139778
genießen	130735	74557	74567
ablenken	144318	79654
anrichten	83195	84457
verkörpern	131163	75660
erholen	77109	74724
verbieten	79586	75206
verpacken	80420	131540
anbringen	80867	80002	78912
züchten	139890	76623
vernehmen	79470	82448
vorschlagen	79572	75361	75757
eintreffen	81869	73411
umsteigen	83465	84202
anrufen	78692	79477	144788
schaden	84793	76152
bedauern	74672	74678
beitragen	75245	74042
kennenlernen	132500	77551
aufbauen	80825	73757	82905	83145	75825	75850
festlegen	78740	75095	74037	78056
einreichen	73934	74229
nachlesen	140728	76072
bereitstellen	80837	75747
mitteilen	140580	78811
tauchen	81490	80676
begeistern	74573	74539
blicken	82299	82303	77637
unterrichten	78888	75706
rufen	78923	79027	79370	79567	82662
hinzufügen	80696	84975
gewöhnen	83781	75455
deuten	82723	76931	78457
zurückgreifen	80360	139608
tun	80799	73390	83196	85628	85610	85608	75905	76651
versammeln	75266	75276
fällen	80683	78905
übertreffen	84156	79930
merken	82277	77495
ausliefern	73926	116584
fürchten	74623	74602	74620
vergleichen	130460	130459	78190
füttern	85918	130489
öffnen	139923	83970	83965	85366	85376
verbessern	78998	83789	84688	76462	77798
fragen	79455	77941
zusammenstellen	80826	75845	74281
zugehen	108888	73382	83961	109372	112086	112085
berücksichtigen	77750	78343
aufteilen	85538	75835
etablieren	144397	83148
zuordnen	134162	78373
ergänzen	84937	85127	77818
reichen	79981	85902	85974	74101
austauschen	78657	84768	145187
machen	73302	82751	85607	87005	75583	144528	78519
überleben	73270	139953
stehlen	81799	74126
schätzen	79265	77251	78002	78205
bestehen	73274	89775	79018	76305	76346	107544	77475
einbinden	73552	80429	76579
aussehen	73295	73616	145160
vermischen	80699	141848
ansagen	78882	78943	144789
leisten	75205	76306	74243
reagieren	79527	129436	74983
folgen	81358	73776	76289	77642	77761	78580
sparen	83524	110444	74371	74386
ertragen	77454	74518
fordern	79030	75911	75934	77376
nutzen	129218	76258
verfolgen	81152	81361	130442	79482	82424	79742	77414
träumen	82274	77776	141832
erscheinen	81865	81892	144597	73620	79639	75672
betrachten	82406	77592	141357
kämpfen	79789	141069	141070
schaffen	80798	82781	82749	75279	76343	78518	74933
erwachen	83889	110094
vorbehalten	79042	77400
passen	73441	73516	73585	126501	142007	75595
pflanzen	80286	142017
aufgreifen	80352	144869
aufzeigen	73546	78449
feststellen	78779	82261	77584	77892
wünschen	79041	79511	77307	77298	77302	77328	77321
treffen	73455	80368	75175	75273	76156	82308	82288	79644	79963	77627	74847
dienen	76080	76083	76084	76085
sichern	79756	83238	75572
lesen	140074	79287	79284	140075	77523	140077
beschäftigen	75345	76509	77944	77950
zulassen	73735	76091	76093	78315
teilnehmen	75219	74682
integrieren	73550	75439	78346	132451
erfüllen	73413	84958	76454	77946	77948
vernachlässigen	76022	111004
ausbilden	83870	75732	78538
ansehen	82282	82402	82445	82446	77591
überweisen	75534	73839
entziehen	83518	112492	74150
lehnen	80882	80978	82043
bremsen	85649	97006
laden	79055	83386	85042	85044	85040	75155
senken	81022	83931
erfahren	1545	110252	74199	77544	77555
widmen	77970	78384
realisieren	76334	129438	77641
legen	80855	112092	80007	80290	83944	77198	144527	74723
aufbewahren	73674	74352
liegen	80908	80946	140081	140096	73523	140082	140091	140088	140095
herstellen	141267	82765	82763	78553
leben	73313	73265	85732	76674
verbrauchen	82970	85720
aufweisen	73544	74394	82725
enthalten	73559	83509
zurückgeben	79529	73851
besorgen	75031	75566	145306
bringen	80864	81170	81248	79626	74428	75714	75768	76301	76391	76465	73921
nicken	76926	140754
angeben	78823	78826	79543	79716
behaupten	78618	76360
kündigen	83496	75409
sehen	76047	82294	82298	82290	82291	82297	141671	77628	77629	77936	78189	78459
erleben	73271	75260	77545	77541
vergessen	77698	74710
erobern	79193	79923
zielen	79844	77419
erzählen	78959	78960
denken	77234	77272	77371	77744	77708	77789	77788	78193	78577	77343
präsentieren	76415	73938
helfen	76251	75955	75961	74050
schmecken	82490	129775	85814
werben	79199	75558	109333
fühlen	82481	82482	82484	74490	74486
regieren	129457	75807
geschehen	73375	73387
verlassen	908	81817	75109	77230
fressen	130474	85770	85817	130473	77640
steigen	81762	81766	83950
sorgen	76015	77427	74621
überstehen	139973	77476
verwöhnen	76033	132365
zustimmen	77996	139871
beginnen	83406	83526	145239
einladen	79064	85051	75154	75162
hängen	80884	80923	79971	80020	84674	74499	132442
verwirklichen	73414	76331
scheinen	73621	82219
vorschreiben	79538	78076
benötigen	85725	77379
vergrößern	84002	84883
ausbauen	84887	84888	85157	84886
trauen	75069	75197	77233	77276
verabschieden	78729	75108	75384	78049
gönnen	74246	74642
stören	89400	79649
sterben	83804	76675
erzielen	76310	74328
erbauen	82913	89996
warten	73656	89494	76055	77320
akzeptieren	75946	74112	77988
ermöglichen	82764	76087
erwarten	73657	76668	77331	77333	77396
beraten	78680	78677	78609
betreffen	76528	141358
stammen	80952	80957	80958	73743
aufpassen	82438	77430
erwerben	144391	74237	74322	77493
auslösen	83190	83426
zeigen	81868	73628	73545	78592	83176	83820	75730	75703	75893	76420	82717	82729	82735	76929	78439
irren	81943	77692
weglassen	84855	141856
kaufen	79236	74296
kleben	79995	80034
beantragen	145221	73936
weitergehen	81376	89531
wecken	83212	84846
entnehmen	74168	82268
behandeln	84511	84751	74988	77962
verändern	83559	84161	75100
erkennen	76211	82262	82264	77611
fehlen	73571	87059	87060	87058	75231
bemerken	78772	82276
verbringen	111605	73649	111603
umbauen	90571	82909
widersprechen	73477	79368	79369
planen	83155	77345	78358
entscheiden	76437	76441	82733	78044	78050
geben	73264	130717	130716	130719	75118	75895	75682	73801	130493	139620	130718
verstoßen	75496	77676
beobachten	82284	82423	82427	145284
erfassen	80364	83267	77599	74842
schreiben	78687	78962	82842	112174
vereinbaren	142156	78730
äußern	139921	78608	78742	83872
scheuen	74615	129730
zusammenfassen	139822	78365
anzeigen	78601	78831	144832	75543
liefern	110386	73904	112083	112084
steigern	84157	84903	77806
stellen	80813	80844	85646	75355	73928	77547
programmieren	83004	87524
stehen	80966	89382	73445	73704	89388	89381	142149	89383	89390	89389
befreien	84725	85089	75059	110764
demonstrieren	78593	87482	109332
schützen	79748	76018
inszenieren	75862	132450
beruhigen	74711	74947
einigen	142798	78733
übernehmen	75941	76006	74110	74111	77521	74504
kontrollieren	75814	76056	78129
unterbrechen	86344	83360	83490
vollenden	83488	132380
versuchen	112506	82493	77560	89458
leiten	80730	81636	81174	75792
betreten	7362	80718
wohnen	73312	73329
wissen	142151	77221
entgehen	81803	77666
verstehen	89441	89444	89442	82455	77573	89440	89443	89438	89437
nehmen	80339	82964	85735	85914	85739	75074	75157	74109	74465	79924	76658	77590	78574	74503
wagen	75192	75194	77275
achten	77433	77645	77749	144652	77986
begleiten	81169	75945	75642
beantworten	109656	74986
ansteigen	144812	83953
glauben	77229	77245	78334
übertreiben	79127	75584
gewinnen	79191	82773	84037	74234	74232	79879
beteiligen	75236	76494	74046
dokumentieren	78596	83258
erstatten	90000	73997
klären	132512	141059	78529	78522
bekommen	74197	75778	74204	74202	76669	89487
nützen	76243	129219
finden	129655	77553	129656	82307	77273	77891	129657
beeinflussen	84840	78080
verschwinden	83895	74421
buchen	83263	79945	78534
starten	81818	83441	83444	83439	75261	75871
erreichen	81830	80437	79604	76356
zocken	75577	79948
führen	81166	81635	130485	73549	73548	130486	130487	109382	75718	75790	130488	75865	79959
regeln	75589	77819	110711
aufrufen	79028	79569
vermitteln	112505	75571	75729	75976
bitten	79065	79471	75156
einbauen	80057	142581
empfinden	82487	74485
zugeben	79069	74049	78227
passieren	81249	73392	84464
handeln	73518	74979	76535	73815	73856	74481	77653
fließen	81287	139618	140895
zitieren	78941	79057
danken	76229	141698
unterschreiben	83114	130383
fördern	130483	82774	84811	75978
anbieten	79573	75755	75785	75787	74040
fangen	129377	80370	80388	139613	129379	74719
gelangen	81829	73415
arbeiten	73507	75278	77709	77955
unternehmen	75863	130381	74537
konzentrieren	77721	77757
schicken	79063	75475	76516	110010	73907
landen	80843	81834	81843	81849	140054
betreiben	75324	75585	75802	77424
erarbeiten	109986	74318	77487
überraschen	80378	74963
verwenden	82963	76054	76271
streben	81900	77402
versorgen	75968	142150	74250	85890
lehren	75707	86971
gelten	74458	73423	73426	73429	110096
zubereiten	82967	84458
meinen	78743	87085	87086	77271	74494
rechnen	73599	77337	77338	78341	78462	129447
bescheren	73807	109403
kriegen	80377	75769	74205	74203
verurteilen	76198	79211
heißen	131143	73760	78942	79534	131145	76422	131144
versprechen	79159	79361	75762	77332	111321
verkaufen	112872	75765	112070	73848	73847
einsteigen	81877	83460
beeindrucken	73640	74853
einkaufen	74300	142802
verlieren	111308	83938	83927	83928	111307	74407	74423	79870	111309
verdanken	130399	74200
lohnen	76224	76234	76239	74437
zählen	73430	73540	73598	78928	77339	78192	78485
grüßen	78728	130999
hervorrufen	132061	83191
abschalten	84225	77111
überarbeiten	84696	75316
befinden	80924	73308	78030	78209
erschließen	75783	78567	110251
aktivieren	84803	79686	78152
bleiben	73680	73646	89969	89970
freuen	74533	74551
regen	80755	83884
schlafen	141625	76664	76951
leiden	140065	140063	76987	74627	74655
lernen	77485	77499
empfehlen	79592	79570	75106
verankern	80037	83151
bezahlen	76506	73988	109317	109316
entlassen	85128	75378
organisieren	75275	75569	75851	74255	78357
übriglassen	75123
bieten	83873	75746	75779	74039	74032	141574	82747
überlegen	6973	144201	139954	77931
hören	76295	82449	82450	82447	82451	77481	77654	77559
entwerfen	83158	78543
einsetzen	79197	83533	84950	75362	75948	76492	76493	74031
erweitern	84033	84966
kosten	74456	82491	77381	140727
verdoppeln	84054	84917
absagen	79176	77861
betreuen	75795	76013
weiterleiten	79595	133237
veranstalten	75856	75903
erledigen	84635	75025
kümmern	141073	76016	141072	141071
ankündigen	78856	78869
klingen	82514	82527	82508	82505
ersparen	83525	74383
verwandeln	83560	84203	79966
beanspruchen	79034	77382
nachvollziehen	77597	140751
anfangen	83407	83529	76284	76330
erblicken	82305	110422
ausnutzen	76265	112709
verletzen	77026	77687	74890
errichten	82915	83147
überprüfen	76067	77938
retten	73614	73615	84724
verdrängen	130403	78139
provozieren	83206	142060
interpretieren	83016	78451
zeichnen	83112	83077	83101	89629	89628
bereiten	75748	74833
kommen	80956	81716	81870	81872	73407	73589	73644	73789	73797	73778	83832	84083	75209	76491	74233	74414	74457
fallen	141264	81746	73595	83403	83404	83929	130410	90565	139837	76705
erzeugen	82767	110183
studieren	77492	130060	77531	82415
beschränken	84076	84867
wiedergeben	78958	83050	89549
erhöhen	84039	84038	79245	77805
sagen	73759	78741	78848
begründen	79013	83142	109526
dasitzen	80892
ändern	83557	84160	78231
unterliegen	73535	79871
regnen	129460	82091
bedenken	73813	77764	77933
schauen	73619	76048	82350	77423	77619
verstärken	83765	84806	77801
erstellen	82920	83160
klettern	81767	81761
herrschen	73280	75809
beschließen	83481	78047
beweisen	78598	82734	78441
beklagen	79204	74735
verarbeiten	82962	85435	77786
interessieren	79194	74849	74683
bedrohen	73420	75189
benutzen	76268	85957	76270
staunen	74497	130045
existieren	73260	73267
entdecken	79080	82306	77588	78450
überschreiten	81260	84151	77674
installieren	80056	162122
schenken	141624	129728	109455	73802
verzeichnen	110874	110880	74216
versichern	79761	79168	76078	131705
reden	112069	79285	79282
kennzeichnen	73771	83120
gestalten	82753	83861
vorbereiten	77350	109328	132402	85701
engagieren	75344	76052
auffallen	73487	73498
zahlen	73967	74008
begrüßen	78724	77998
sprechen	141810	78626	78950	79286	79283	141809
tanzen	81504	81986	75683
weiterentwickeln	83810	129220
holen	81246	79060	75564	112080	112079
begehen	80719	75042	76161
kommentieren	78809	78979
nennen	78922	79449	76412	76424	76421
feiern	75039	75047
einbeziehen	73551	77752	78345
durchsetzen	76367	76526	79887
greifen	130748	80350	80385	74284
lauten	109367	76423
stimmen	73453	84686	76431	78128
unterstützen	75944	74023
wirken	73424	73643	73637	83032	83183	83180	83782	75321
eignen	73457	76240
informieren	78910	78887
kennen	76460	132499	77242	77244	77241
drängen	81188	80691	79491
rücken	81225	81520	129557
verleihen	73932	74191	112725
wundern	74496	74962
würdigen	79263	141939
bedeuten	73774	73758	78604
bekennen	79067	79099
prüfen	76064	82421	77914
üben	139924	77513
trinken	85878	85835
vorliegen	76519	76518
berufen	166350	79046	145290	75347
unterstreichen	78786	82888
anwenden	80564	76263	77735
senden	79633	75476	73910
sitzen	80890	112237	73309	73517	112247	76496	112244
stoppen	81861	83502	78504
besitzen	74334	74393
verstecken	83924	85385
servieren	85896	75289
dauern	73279	73289	74673
variieren	73474	87221
vollziehen	73380	76341
beschweren	79209	85048	109513
entwickeln	78987	83036	83175	83805	83834	83863	83882	84008	84535	78535
korrigieren	78994	84733	77792
vertreiben	81191	73864
betragen	73366	75897
betätigen	75581	89779
raten	78841	77265
lassen	109387	73732	109388	83513	109386	73832	109385
enden	83462	83535	83548
gestehen	79073	79066
bauen	82896	82930	77287
verdienen	74220	74317
zwingen	75770	139888
rechtfertigen	79000	76237
erweisen	73623	78594	78330
befassen	79563	77952
einschränken	84863	74452
gründen	73752	73756	83139	112076
motivieren	79016	78175
ärgern	74691	74899
verlesen	79289	79290	131168
pflegen	76046	74341	76547	77951
funken	130479	79638	82248
mögen	73526	73530	73528	73584	74626
abstimmen	75463	75468	76426
bestreiten	75516	109520	74020
drohen	73416	73422	78916	75187
erbringen	74429	83185
trainieren	76311	156569	77508	78132
schädigen	84792	76153
sortieren	85546	78397
begeben	80763	73377
resultieren	73748	78582
setzen	80807	80839	112066	112067	81003	81738	80289	82894	112061	112060	112068	112062	112063	112871
nerven	74688	74900
laufen	81288	81357	81317	81449	73288	73401	73506	83806	74460
speichern	83017	74363
bezeichnen	89781	78964	79448	83133	76425
genügen	85969	130738
fahren	80729	81239	81559	81624	81634	130408	75873	130409
klappen	108295	84093	109371
prägen	80511	78124	78564
registrieren	83266	83273	82283
eintragen	74427	83237
weisen	75484	82722
ersetzen	84769	76012	73962
identifizieren	76053	82263	109352
teilen	83582	85535	92727	78466
verpflichten	79171	75099	75093
erinnern	73464	79501	77223
brauchen	85724	85727	76273	77378
kombinieren	80698	133075
gehen	81356	81724	130728	73508	73509	73513	73519	73505	73511	79991	83958	130721	75081	75420	76086	130720	130725	139622	74491
erklären	78895	78970	83214	78530
drucken	79622	83349
verweigern	79591	78284
entfernen	81899	78683	85059
funktionieren	73503	73501	76753
erfinden	83038	79111
anschauen	82403	144790
warnen	78913	78918
beachten	77646	77746
unterdrücken	130373	78137
gewähren	76453	73885
reinigen	85185	77128
beschreiben	80731	78963	82870
entsprechen	73437	76442
näherrücken
erwidern	79531	74987
zutreffen	73454	139877
erlangen	89997	74211
wählen	75365	76433	77821
untersuchen	76557	77912
gehören	73590	73458	76513	75931	74349
erschrecken	100797	74609
aktualisieren	83388	84762
erhalten	73604	74198	112236	74206
kritisieren	78665	79205
suchen	82329	77422	77562
lieben	76661	74628
durchführen	75023	75866	75872
verringern	84069	84857
